# /Users/gsalam/scripts/pdf.py -Q 100 -flav=22,-5,-4,-3,-2,-1,21,1,2,3,4,5 -pdf MSHT20nnlo_as118 -out pdf-files/MSHT20nnlo_as118-Q100.dat
# pdf = MSHT20nnlo_as118, Q = 100.0, alphas(Q) = 0.1163783, version = 3
# Columns: x x*flav(22) x*flav(-5) x*flav(-4) x*flav(-3) x*flav(-2) x*flav(-1) x*flav(21) x*flav(1) x*flav(2) x*flav(3) x*flav(4) x*flav(5)

0.0001       0            2.2915       2.8678       3.3502       3.4327       3.3987       78.445       3.4233       3.4594       3.3482       2.8682       2.2916       
0.00011543   0            2.1709       2.7261       3.2036       3.2792       3.2448       74.258       3.2707       3.308        3.2015       2.7264       2.171        
0.00013323   0            2.0536       2.5879       3.0604       3.129        3.0944       70.186       3.1215       3.16         3.0582       2.5882       2.0537       
0.00015378   0            1.9406       2.4543       2.9216       2.9832       2.9485       66.265       2.977        3.0166       2.9195       2.4547       1.9407       
0.00017749   0            1.833        2.3269       2.7888       2.8432       2.8085       62.542       2.8383       2.8792       2.7866       2.3272       1.8331       
0.00020486   0            1.731        2.2056       2.6617       2.709        2.6744       59.011       2.7057       2.7478       2.6594       2.2059       1.7311       
0.00023644   0            1.6333       2.0891       2.5392       2.5794       2.5452       55.636       2.5779       2.6212       2.5369       2.0894       1.6334       
0.00027288   0            1.5393       1.9768       2.4207       2.4539       2.42         52.393       2.4542       2.4987       2.4183       1.9771       1.5394       
0.00031493   0            1.449        1.8685       2.3061       2.3323       2.299        49.279       2.3347       2.3805       2.3036       1.8688       1.4491       
0.00036346   0            1.3636       1.7659       2.1966       2.2161       2.1835       46.339       2.2208       2.2679       2.1941       1.7662       1.3637       
0.00041944   0            1.2819       1.6673       2.0909       2.1039       2.0722       43.529       2.1112       2.1595       2.0883       1.6676       1.282        
0.00048402   0            1.2041       1.5733       1.9895       1.9962       1.9655       40.86        2.0062       2.0558       1.9868       1.5736       1.2042       
0.00055852   0            1.1299       1.4833       1.8916       1.8924       1.863        38.315       1.9055       1.9564       1.8889       1.4835       1.13         
0.00064444   0            1.0593       1.3973       1.7975       1.7927       1.7647       35.896       1.809        1.8613       1.7947       1.3975       1.0593       
0.00074354   0            0.99207      1.3153       1.7068       1.697        1.6706       33.598       1.7168       1.7704       1.704        1.3154       0.99213      
0.00085781   0            0.92816      1.237        1.6195       1.6051       1.5806       31.417       1.6287       1.6838       1.6167       1.2371       0.92821      
0.00098956   0            0.86732      1.1622       1.5353       1.5169       1.4943       29.344       1.5445       1.6011       1.5324       1.1623       0.86736      
0.0011414    0            0.81049      1.092        1.4551       1.4336       1.4132       27.413       1.4655       1.5237       1.4522       1.0921       0.81051      
0.0013165    0            0.75555      1.024        1.3768       1.3527       1.3345       25.549       1.389        1.4489       1.3739       1.0241       0.75557      
0.0015181    0            0.70301      0.95876      1.3008       1.2747       1.2589       23.768       1.3158       1.3774       1.2979       0.95876      0.70301      
0.0017504    0            0.6536       0.89708      1.2279       1.2007       1.1875       22.098       1.2468       1.3103       1.225        0.89705      0.65359      
0.0020179    0            0.6073       0.83897      1.1581       1.1308       1.1202       20.538       1.1822       1.2477       1.1552       0.83889      0.60727      
0.0023257    0            0.5635       0.78371      1.0907       1.0642       1.0563       19.065       1.1212       1.1888       1.0878       0.78359      0.56346      
0.0026799    0            0.52181      0.73088      1.0254       1.0003       0.9953       17.667       1.0632       1.1331       1.0225       0.73071      0.52176      
0.0030873    0            0.48208      0.68027      0.96205      0.9392       0.93699      16.337       1.0081       1.0804       0.9593       0.68006      0.48201      
0.0035554    0            0.44499      0.63269      0.90138      0.88167      0.88233      15.099       0.95697      1.0319       0.89873      0.63243      0.4449       
0.0040932    0            0.40997      0.58746      0.84288      0.82699      0.83053      13.933       0.90901      0.98667      0.84037      0.58716      0.40987      
0.0047104    0            0.37704      0.54462      0.78664      0.77522      0.78161      12.84        0.86428      0.94486      0.7843       0.54427      0.37692      
0.0054182    0            0.34599      0.50393      0.73253      0.72605      0.73527      11.811       0.8225       0.90616      0.7304       0.50354      0.34586      
0.0062292    0            0.31685      0.46543      0.68067      0.67951      0.69149      10.848       0.7837       0.87062      0.67879      0.46499      0.31671      
0.0071574    0            0.28952      0.42899      0.63106      0.63543      0.6501       9.9467       0.74774      0.83809      0.62947      0.42851      0.28937      
0.0082183    0            0.26392      0.39454      0.58372      0.59368      0.61092      9.1038       0.71446      0.80845      0.58246      0.39402      0.26376      
0.0094295    0            0.23997      0.362        0.53864      0.5541       0.57378      8.3162       0.68371      0.78156      0.53776      0.36144      0.23979      
0.01081      0            0.2177       0.33141      0.496        0.51669      0.53862      7.5845       0.65548      0.75747      0.49556      0.33083      0.21751      
0.012381     0            0.19684      0.30248      0.45551      0.48106      0.50507      6.8994       0.62929      0.73569      0.45554      0.30187      0.19665      
0.014165     0            0.17754      0.2754       0.41744      0.44735      0.47322      6.2653       0.60529      0.71647      0.41802      0.27477      0.17734      
0.016187     0            0.15966      0.25002      0.38166      0.41535      0.44284      5.6772       0.58319      0.69953      0.38282      0.24937      0.15946      
0.018473     0            0.14307      0.22622      0.348        0.38488      0.41376      5.1306       0.56272      0.68464      0.34978      0.22556      0.14286      
0.021051     0            0.1279       0.20417      0.31667      0.35606      0.38608      4.6294       0.54393      0.67196      0.31913      0.2035       0.1277       
0.02395      0            0.11391      0.18359      0.28729      0.32863      0.35957      4.1656       0.52646      0.66107      0.29045      0.18293      0.1137       
0.027201     0            0.10108      0.16451      0.25981      0.30256      0.33424      3.7384       0.51016      0.65185      0.26371      0.16385      0.10088      
0.030834     0            0.089418     0.14693      0.23422      0.27787      0.31012      3.3477       0.49495      0.64424      0.23888      0.14629      0.089216     
0.034881     0            0.078831     0.13078      0.21038      0.25448      0.28719      2.9908       0.48065      0.63801      0.21581      0.13016      0.078634     
0.03937      0            0.069229     0.11596      0.18816      0.23233      0.26541      2.6646       0.46705      0.63289      0.19435      0.11536      0.069038     
0.044333     0            0.060652     0.10255      0.16767      0.21148      0.24487      2.3703       0.45404      0.62874      0.1746       0.10197      0.06047      
0.049797     0            0.052852     0.090222     0.14858      0.19172      0.22537      2.1003       0.44138      0.62512      0.15621      0.089677     0.05268      
0.055787     0            0.045919     0.079127     0.13112      0.17319      0.207        1.8572       0.42897      0.62191      0.13941      0.078616     0.045758     
0.062326     0            0.039746     0.06913      0.1152       0.15581      0.18966      1.638        0.41662      0.61877      0.12408      0.068653     0.039596     
0.069433     0            0.034292     0.060188     0.10083      0.1396       0.1733       1.4412       0.4042       0.61548      0.11023      0.059747     0.034152     
0.077126     0            0.029473     0.052198     0.087959     0.12452      0.15782      1.2646       0.39157      0.6117       0.097776     0.051794     0.029345     
0.085415     0            0.025239     0.0451       0.076521     0.11059      0.14314      1.1066       0.37864      0.6072       0.086661     0.044732     0.025123     
0.09431      0            0.021538     0.038823     0.066426     0.097774     0.12921      0.9657       0.36535      0.60178      0.076782     0.038491     0.021433     
0.10381      0            0.018325     0.033316     0.057574     0.086097     0.116        0.84078      0.35163      0.59516      0.068031     0.033019     0.018231     
0.11393      0            0.015534     0.028482     0.049776     0.075489     0.10347      0.72983      0.33754      0.58726      0.060227     0.028217     0.015451     
0.12465      0            0.013132     0.024279     0.042924     0.065948     0.091648     0.63201      0.32306      0.57786      0.053257     0.024045     0.013059     
0.13597      0            0.01107      0.020634     0.036858     0.057411     0.080542     0.54587      0.30824      0.56688      0.046968     0.020429     0.011005     
0.14788      0            0.0093059    0.017489     0.031459     0.049817     0.070184     0.47029      0.29313      0.55422      0.041252     0.01731      0.0092495    
0.16037      0            0.0078045    0.014788     0.026636     0.043095     0.060602     0.40419      0.27777      0.53986      0.036027     0.014633     0.0077556    
0.17343      0            0.0065313    0.012478     0.022323     0.037167     0.051821     0.34657      0.26221      0.52377      0.031239     0.012346     0.0064893    
0.18703      0            0.0054556    0.010512     0.018479     0.031956     0.043856     0.29651      0.24651      0.50601      0.026863     0.010399     0.0054198    
0.20116      0            0.0045499    0.0088439    0.015082     0.027384     0.036709     0.25313      0.23072      0.48665      0.022888     0.0087477    0.0045195    
0.21581      0            0.0037899    0.0074345    0.012115     0.023378     0.030369     0.21568      0.21488      0.46581      0.019313     0.0073535    0.0037643    
0.23096      0            0.0031539    0.0062475    0.0095674    0.019873     0.024818     0.18344      0.19907      0.44362      0.016142     0.0061796    0.0031324    
0.24657      0            0.0026228    0.00525      0.0074218    0.016809     0.02002      0.15574      0.18335      0.42029      0.013368     0.0051935    0.0026049    
0.26265      0            0.0021799    0.0044133    0.0056541    0.014133     0.015933     0.13202      0.16781      0.39602      0.010981     0.0043666    0.0021651    
0.27916      0            0.0018107    0.0037117    0.0042296    0.0118       0.012502     0.11172      0.15255      0.37105      0.0089543    0.0036734    0.0017986    
0.29609      0            0.0015057    0.0031283    0.0031221    0.0097842    0.0096927    0.094497     0.13766      0.34556      0.007272     0.003097     0.0014958    
0.31342      0            0.0012502    0.0026365    0.0022657    0.0080337    0.0073999    0.079748     0.12326      0.3199       0.0058739    0.0026112    0.0012422    
0.33114      0            0.0010385    0.0022261    0.0016318    0.0065349    0.0055862    0.067249     0.10943      0.29426      0.004737     0.0022058    0.001032     
0.34921      0            0.0008624    0.001882     0.0011722    0.0052593    0.0041745    0.056645     0.096278     0.26888      0.0038164    0.0018657    0.00085726   
0.36764      0            0.00071585   0.0015928    0.00084721   0.0041855    0.0030982    0.04766      0.083897     0.24402      0.0030747    0.0015799    0.00071178   
0.38639      0            0.00059387   0.0013494    0.0006231    0.0032931    0.0022941    0.040061     0.072364     0.21988      0.0024789    0.0013393    0.00059067   
0.40546      0            0.00049148   0.0011425    0.0004687    0.0025557    0.0016958    0.033596     0.061711     0.19666      0.0019957    0.0011346    0.00048898   
0.42484      0            0.00040628   0.00096755   0.00036558   0.001963     0.001265     0.02815      0.052023     0.17453      0.0016075    0.00096144   0.00040435   
0.44449      0            0.00033486   0.00081829   0.00029486   0.0014908    0.0009528    0.023536     0.043305     0.15363      0.0012919    0.00081361   0.00033338   
0.46443      0            0.000275     0.0006906    0.00024489   0.0011212    0.00072658   0.019632     0.035566     0.13408      0.0010345    0.00068705   0.00027388   
0.48462      0            0.00022486   0.00058112   0.00020752   0.00083714   0.00056089   0.01633      0.028803     0.11598      0.00082418   0.00057845   0.00022402   
0.50507      0            0.00018268   0.00048668   0.00017744   0.00061997   0.00043623   0.013525     0.022956     0.099345     0.0006511    0.0004847    0.00018205   
0.52575      0            0.00014747   0.00040556   0.00015167   0.00045782   0.00034106   0.011157     0.018015     0.084249     0.00050989   0.0004041    0.00014701   
0.54665      0            0.00011805   0.00033566   0.00012848   0.00033674   0.00026611   0.009151     0.013897     0.070671     0.00039452   0.0003346    0.00011771   
0.56778      0            9.3578e-05   0.00027557   0.00010713   0.00024671   0.00020607   0.0074557    0.010532     0.058597     0.00030094   0.00027482   9.3338e-05   
0.58911      0            7.3371e-05   0.00022415   8.7471e-05   0.00017987   0.00015757   0.0060273    0.0078439    0.047993     0.00022586   0.00022362   7.3202e-05   
0.61064      0            5.6683e-05   0.00018012   6.954e-05    0.00012957   0.00011809   0.0048199    0.0057197    0.038742     0.00016577   0.00017975   5.6566e-05   
0.63235      0            4.3153e-05   0.00014293   5.3595e-05   9.2075e-05   8.6483e-05   0.0038118    0.0040987    0.030827     0.00011891   0.00014268   4.3073e-05   
0.65425      0            3.2267e-05   0.00011171   3.9785e-05   6.4e-05      6.1445e-05   0.0029727    0.0028842    0.02413      8.2831e-05   0.00011155   3.2214e-05   
0.67632      0            2.3628e-05   8.5794e-05   2.8209e-05   4.3102e-05   4.2015e-05   0.00228      0.0019956    0.018545     5.5652e-05   8.5685e-05   2.3593e-05   
0.69856      0            1.6904e-05   6.4606e-05   1.8896e-05   2.7825e-05   2.7394e-05   0.0017155    0.0013631    0.013973     3.5784e-05   6.4536e-05   1.6882e-05   
0.72095      0            1.1747e-05   4.7493e-05   1.1706e-05   1.6858e-05   1.6704e-05   0.0012601    0.00091919   0.010282     2.1636e-05   4.745e-05    1.1733e-05   
0.7435       0            7.8991e-06   3.3972e-05   6.4723e-06   9.3186e-06   9.2692e-06   0.00090002   0.00061489   0.0073698    1.2027e-05   3.3947e-05   7.891e-06    
0.7662       0            5.1073e-06   2.3526e-05   2.9245e-06   4.4139e-06   4.4e-06      0.00062139   0.00040839   0.0051225    5.8531e-06   2.3512e-05   5.1027e-06   
0.78903      0            3.1572e-06   1.5695e-05   7.6227e-07   1.4953e-06   1.4918e-06   0.00041218   0.00026903   0.0034375    2.2092e-06   1.5687e-05   3.1547e-06   
0.812        0            1.83e-06     9.943e-06    -3.8858e-07  -6.2496e-08  -6.3217e-08  0.00025851   0.0001729    0.0021971    2.5598e-07   9.9391e-06   1.8287e-06   
0.83509      0            9.8848e-07   5.9443e-06   -8.0284e-07  -6.7199e-07  -6.7217e-07  0.00015203   0.0001073    0.0013298    -5.4437e-07  5.9425e-06   9.8791e-07   
0.85832      0            4.8543e-07   3.2876e-06   -7.8355e-07  -7.3802e-07  -7.3809e-07  8.1921e-05   6.2407e-05   0.00074762   -6.9382e-07  3.2868e-06   4.8519e-07   
0.88166      0            2.0919e-07   1.6344e-06   -5.6501e-07  -5.5209e-07  -5.521e-07   3.911e-05    3.2609e-05   0.00037958   -5.3962e-07  1.6341e-06   2.091e-07    
0.90511      0            7.4747e-08   6.9726e-07   -3.1416e-07  -3.1149e-07  -3.1147e-07  1.5666e-05   1.437e-05    0.00016625   -3.089e-07   6.9719e-07   7.4724e-08   
0.92868      0            2.0241e-08   2.3544e-07   -1.2604e-07  -1.2569e-07  -1.2567e-07  4.7958e-06   4.7992e-06   5.7926e-05   -1.2533e-07  2.3542e-07   2.0237e-08   
0.95235      0            3.2569e-09   5.1104e-08   -2.926e-08   -2.9248e-08  -2.9239e-08  8.8322e-07   9.4456e-07   1.3078e-05   -2.922e-08   5.1103e-08   3.2565e-09   
0.97613      0            1.4671e-10   3.6787e-09   -1.7395e-09  -1.7407e-09  -1.7395e-09  4.6053e-08   4.9718e-08   1.0005e-06   -1.7393e-09  3.6787e-09   1.4671e-10   
1            0            -6.2392e-14  -1.2481e-12  1.2071e-12   1.2073e-12   1.2071e-12   -2.2759e-11  -2.6629e-11  -3.0863e-10  1.207e-12    -1.2481e-12  -6.239e-14   

