# /Users/gsalam/scripts/pdf.py -Q 100 -flav=22,-5,-4,-3,-2,-1,21,1,2,3,4,5 -pdf MSHT20qed_nnlo -out pdf-files/MSHT20qed_nnlo-Q100.dat
# pdf = MSHT20qed_nnlo, Q = 100.0, alphas(Q) = 0.1163783, version = 1
# Columns: x x*flav(22) x*flav(-5) x*flav(-4) x*flav(-3) x*flav(-2) x*flav(-1) x*flav(21) x*flav(1) x*flav(2) x*flav(3) x*flav(4) x*flav(5)

0.0001       0.23304      2.2891       2.865        3.3309       3.4326       3.3925       78.343       3.4179       3.4599       3.329        2.8653       2.2892       
0.00011543   0.22317      2.1686       2.7233       3.1844       3.2792       3.2387       74.161       3.2653       3.3086       3.1825       2.7236       2.1687       
0.00013323   0.21354      2.0514       2.5852       3.0414       3.1292       3.0883       70.094       3.1163       3.1608       3.0394       2.5856       2.0516       
0.00015378   0.20422      1.9385       2.4518       2.9028       2.9836       2.9424       66.177       2.9718       3.0176       2.9008       2.4522       1.9386       
0.00017749   0.19531      1.8311       2.3245       2.7701       2.8438       2.8025       62.458       2.8332       2.8804       2.768        2.3249       1.8312       
0.00020486   0.1868       1.7291       2.2033       2.6432       2.7098       2.6685       58.932       2.7007       2.7491       2.641        2.2036       1.7292       
0.00023644   0.17861      1.6315       2.0869       2.521        2.5804       2.5393       55.56        2.573        2.6227       2.5187       2.0872       1.6316       
0.00027288   0.1707       1.5377       1.9747       2.4027       2.455        2.4142       52.321       2.4495       2.5004       2.4003       1.975        1.5378       
0.00031493   0.16306      1.4474       1.8666       2.2882       2.3335       2.2932       49.211       2.3301       2.3823       2.2858       1.8669       1.4475       
0.00036346   0.15577      1.3622       1.7641       2.179        2.2174       2.1778       46.275       2.2164       2.2698       2.1765       1.7644       1.3623       
0.00041944   0.14875      1.2805       1.6657       2.0735       2.1054       2.0666       43.468       2.1069       2.1615       2.0711       1.6659       1.2806       
0.00048402   0.14203      1.2029       1.5717       1.9723       1.9977       1.9601       40.803       2.0021       2.058        1.9698       1.572        1.203        
0.00055852   0.13556      1.1287       1.4818       1.8748       1.8941       1.8577       38.261       1.9015       1.9586       1.8722       1.482        1.1288       
0.00064444   0.12935      1.0582       1.396        1.7809       1.7944       1.7596       35.845       1.8052       1.8636       1.7783       1.3962       1.0582       
0.00074354   0.12339      0.99103      1.314        1.6906       1.6988       1.6657       33.551       1.7132       1.7728       1.6879       1.3142       0.99109      
0.00085781   0.11767      0.92719      1.2358       1.6036       1.607        1.5758       31.372       1.6252       1.6862       1.6009       1.2359       0.92723      
0.00098956   0.11218      0.86641      1.1611       1.5197       1.5188       1.4898       29.302       1.5412       1.6035       1.517        1.1612       0.86644      
0.0011414    0.10698      0.80963      1.091        1.4399       1.4355       1.4088       27.374       1.4624       1.5261       1.4371       1.0911       0.80965      
0.0013165    0.10191      0.75474      1.0231       1.362        1.3546       1.3303       25.512       1.3861       1.4512       1.3592       1.0231       0.75476      
0.0015181    0.097019     0.70224      0.95784      1.2864       1.2766       1.255        23.733       1.313        1.3797       1.2836       0.95785      0.70225      
0.0017504    0.092354     0.65287      0.89622      1.214        1.2026       1.1838       22.066       1.2442       1.3125       1.2112       0.89618      0.65286      
0.0020179    0.087913     0.60661      0.83814      1.1446       1.1327       1.1167       20.507       1.1797       1.2498       1.1418       0.83807      0.60659      
0.0023257    0.083652     0.56284      0.78292      1.0776       1.066        1.0531       19.037       1.1188       1.1909       1.0749       0.7828       0.5628       
0.0026799    0.079543     0.52118      0.73011      1.0128       1.0021       0.99237      17.64        1.061        1.135        1.0102       0.72994      0.52113      
0.0030873    0.075574     0.48147      0.67952      0.95001      0.94096      0.93433      16.311       1.006        1.0823       0.94744      0.67931      0.4814       
0.0035554    0.071794     0.4444       0.63194      0.88986      0.88338      0.87994      15.075       0.95504      1.0336       0.88741      0.63168      0.44432      
0.0040932    0.068161     0.40939      0.58672      0.83191      0.82866      0.82842      13.91        0.90718      0.98831      0.82959      0.58642      0.4093       
0.0047104    0.064676     0.37648      0.54388      0.77621      0.77683      0.77979      12.818       0.86257      0.9464       0.77407      0.54353      0.37636      
0.0054182    0.061323     0.34544      0.50318      0.72265      0.72762      0.73372      11.791       0.82088      0.90759      0.72072      0.50278      0.34531      
0.0062292    0.058105     0.31631      0.46466      0.67133      0.68103      0.69022      10.828       0.78218      0.87194      0.66965      0.46422      0.31617      
0.0071574    0.055013     0.28898      0.42821      0.62226      0.63691      0.6491       9.9277       0.74631      0.83931      0.62087      0.42772      0.28883      
0.0082183    0.052041     0.26339      0.39374      0.57543      0.59511      0.61019      9.0855       0.71312      0.80958      0.57437      0.39322      0.26322      
0.0094295    0.049184     0.23944      0.36118      0.53086      0.55548      0.5733       8.2985       0.68246      0.7826       0.53018      0.36062      0.23927      
0.01081      0.046442     0.21718      0.33057      0.4887       0.51802      0.53839      7.5674       0.65432      0.75843      0.48845      0.32998      0.21699      
0.012381     0.043799     0.19633      0.30162      0.44865      0.48234      0.50505      6.8828       0.62823      0.73657      0.44888      0.30101      0.19613      
0.014165     0.041263     0.17704      0.27453      0.41101      0.44857      0.47339      6.2492       0.60432      0.71728      0.41177      0.27389      0.17684      
0.016187     0.038827     0.15916      0.24913      0.37563      0.41651      0.44317      5.6615       0.58231      0.70028      0.37696      0.24848      0.15896      
0.018473     0.036482     0.14259      0.22532      0.34234      0.38598      0.41421      5.1154       0.56192      0.68532      0.34428      0.22466      0.14238      
0.021051     0.034239     0.12743      0.20327      0.31135      0.3571       0.38661      4.6146       0.5432       0.67258      0.31396      0.2026       0.12722      
0.02395      0.032081     0.11345      0.1827       0.2823       0.32959      0.36014      4.1512       0.52579      0.66162      0.28559      0.18203      0.11324      
0.027201     0.030011     0.10064      0.16363      0.25513      0.30344      0.33481      3.7244       0.50952      0.65233      0.25914      0.16297      0.10043      
0.030834     0.028032     0.088996     0.14607      0.22985      0.27866      0.31065      3.3343       0.49433      0.64465      0.23459      0.14542      0.088792     
0.034881     0.02614      0.078431     0.12994      0.20632      0.25518      0.28764      2.9779       0.48         0.63834      0.21179      0.12931      0.078232     
0.03937      0.024331     0.068853     0.11515      0.18441      0.23292      0.26576      2.6523       0.46636      0.63313      0.19059      0.11454      0.068661     
0.044333     0.022615     0.060301     0.10177      0.16422      0.21198      0.2451       2.3586       0.45327      0.62889      0.1711       0.10119      0.060118     
0.049797     0.020974     0.052527     0.089487     0.14544      0.19213      0.22547      2.0893       0.44052      0.62518      0.15297      0.088939     0.052354     
0.055787     0.019411     0.045622     0.078437     0.12828      0.17351      0.20698      1.847        0.42799      0.62188      0.13641      0.077922     0.045459     
0.062326     0.017931     0.039476     0.068487     0.11265      0.15606      0.18954      1.6284       0.41551      0.61866      0.12132      0.068008     0.039324     
0.069433     0.016539     0.034048     0.059594     0.09857      0.1398       0.17309      1.4324       0.40297      0.61529      0.10768      0.059152     0.033908     
0.077126     0.015228     0.029255     0.051655     0.085965     0.12469      0.15754      1.2565       0.39021      0.61144      0.095429     0.051249     0.029126     
0.085415     0.01399      0.025046     0.044607     0.074774     0.11073      0.14281      1.0992       0.37716      0.60689      0.08449      0.044238     0.024929     
0.09431      0.012828     0.021368     0.03838      0.064903     0.097915     0.12886      0.95906      0.36377      0.60141      0.074763     0.038047     0.021262     
0.10381      0.011742     0.018178     0.032921     0.056253     0.086249     0.11565      0.83483      0.34997      0.59474      0.066145     0.032623     0.018083     
0.11393      0.010726     0.015407     0.028132     0.048639     0.075661     0.10314      0.72453      0.33582      0.58679      0.058457     0.027867     0.015323     
0.12465      0.0097787    0.013023     0.023972     0.041952     0.066141     0.091328     0.62733      0.3213       0.57734      0.05159      0.023738     0.012949     
0.13597      0.0088977    0.010977     0.020367     0.036038     0.057625     0.080241     0.54177      0.30647      0.56629      0.045398     0.020162     0.010912     
0.14788      0.008082     0.0092281    0.017259     0.03078      0.050046     0.069898     0.46672      0.29136      0.55357      0.039777     0.01708      0.0091714    
0.16037      0.0073227    0.0077397    0.014591     0.026091     0.043331     0.060326     0.4011       0.27602      0.53911      0.034648     0.014436     0.0076907    
0.17343      0.0066221    0.0064779    0.012311     0.021904     0.037403     0.051549     0.34393      0.26051      0.52294      0.02996      0.012179     0.0064358    
0.18703      0.0059758    0.0054121    0.010371     0.018178     0.032183     0.043583     0.29426      0.24487      0.50507      0.025686     0.010258     0.0053761    
0.20116      0.0053752    0.0045147    0.0087267    0.01489      0.027594     0.036432     0.25124      0.22915      0.48561      0.021817     0.0086307    0.0044842    
0.21581      0.0048222    0.0037617    0.0073376    0.012022     0.023566     0.03009      0.2141       0.21339      0.46466      0.018348     0.0072568    0.0037361    
0.23096      0.0043144    0.0031316    0.0061679    0.0095617    0.020034     0.024539     0.18213      0.19767      0.44237      0.015281     0.0061003    0.0031101    
0.24657      0.0038462    0.0026052    0.0051852    0.007489     0.016941     0.019747     0.15467      0.18205      0.41895      0.012608     0.005129     0.0025874    
0.26265      0.0034179    0.0021663    0.0043609    0.0057793    0.014236     0.015673     0.13115      0.16662      0.3946       0.010314     0.0043145    0.0021515    
0.27916      0.0030288    0.0018004    0.0036699    0.004398     0.011875     0.012261     0.11102      0.15146      0.36956      0.0083743    0.0036318    0.0017882    
0.29609      0.0026706    0.0014978    0.003095     0.003319     0.0098342    0.0094777    0.093946     0.13668      0.34402      0.0067701    0.0030639    0.0014879    
0.31342      0.0023379    0.0012441    0.0026102    0.0024788    0.0080617    0.0072137    0.079315     0.12238      0.31834      0.0054419    0.002585     0.0012361    
0.33114      0.0020428    0.0010337    0.0022051    0.0018495    0.0065448    0.005431     0.066913     0.10865      0.29269      0.0043664    0.0021849    0.0010273    
0.34921      0.0017788    0.00085842   0.0018655    0.0013858    0.0052555    0.0040501    0.056386     0.095598     0.26734      0.0035       0.0018494    0.00085328   
0.36764      0.001533     0.00071284   0.00158      0.0010495    0.0041721    0.0030023    0.047462     0.083308     0.24251      0.0028055    0.0015672    0.00070877   
0.38639      0.0013121    0.00059158   0.0013395    0.00080943   0.0032741    0.0022233    0.03991      0.07186      0.21843      0.0022509    0.0013294    0.00058838   
0.40546      0.0011204    0.00048994   0.001135     0.00063666   0.0025341    0.0016461    0.03348      0.061287     0.19528      0.0018043    0.0011272    0.00048745   
0.42484      0.00095104   0.00040865   0.00096224   0.00051331   0.0019416    0.0012316    0.02806      0.051671     0.17323      0.0014477    0.00095618   0.00040672   
0.44449      0.00080069   0.00034284   0.00081397   0.00042163   0.0014714    0.00093158   0.023465     0.043018     0.15243      0.0011591    0.00080933   0.00034137   
0.46443      0.00066569   0.00028343   0.0006858    0.00035108   0.0011049    0.00071369   0.019573     0.035339     0.13299      0.0009248    0.00068229   0.00028231   
0.48462      0.00053957   0.00023135   0.00058244   0.00030203   0.00082413   0.00055338   0.016279     0.028628     0.11499      0.00074181   0.00057979   0.00023051   
0.50507      0.00042807   0.00018711   0.0004994    0.0002668    0.00061025   0.00043206   0.013479     0.022826     0.098461     0.00059797   0.00049744   0.00018649   
0.52575      0.00033975   0.00015004   0.00042369   0.0002301    0.00045109   0.00033876   0.011114     0.017922     0.08347      0.00047545   0.00042226   0.00014958   
0.54665      0.00026887   0.00011864   0.00033863   0.00017653   0.00033226   0.00026465   0.0091109    0.013834     0.069993     0.00035481   0.00033759   0.00011831   
0.56778      0.00021166   9.3555e-05   0.00027263   0.00013793   0.00024393   0.00020503   0.0074173    0.010492     0.058014     0.00026485   0.00027188   9.3317e-05   
0.58911      0.0001648    6.861e-05    0.0002206    0.00010862   0.00017827   0.00015677   0.0059905    0.0078187    0.047497     0.00019708   0.00022007   6.8442e-05   
0.61064      0.00012528   4.8198e-05   0.00017706   8.3799e-05   0.00012876   0.00011744   0.004785     0.0057033    0.038327     0.00014372   0.0001767    4.8082e-05   
0.63235      9.4868e-05   3.5259e-05   0.00014031   6.2464e-05   9.1766e-05   8.595e-05    0.0037791    0.0040855    0.030484     0.00010202   0.00014007   3.518e-05    
0.65425      7.1629e-05   2.6348e-05   0.00010953   4.4232e-05   6.3996e-05   6.1039e-05   0.0029427    0.0028699    0.02385      6.9544e-05   0.00010936   2.6295e-05   
0.67632      5.0903e-05   1.9297e-05   8.4034e-05   2.8846e-05   4.3282e-05   4.1742e-05   0.0022531    0.0019775    0.01832      4.4478e-05   8.3927e-05   1.9263e-05   
0.69856      3.4133e-05   1.5269e-05   6.3251e-05   1.6599e-05   2.8113e-05   2.7255e-05   0.0016921    0.00134      0.013796     2.5898e-05   6.3183e-05   1.5247e-05   
0.72095      2.4752e-05   1.1936e-05   4.6524e-05   1.4856e-05   1.7207e-05   1.6693e-05   0.0012402    0.0008915    0.010145     2.0123e-05   4.6482e-05   1.1923e-05   
0.7435       1.5702e-05   9.0808e-06   3.3366e-05   5.6227e-06   9.6933e-06   9.3711e-06   0.00088374   0.00058405   0.0072663    8.4518e-06   3.3342e-05   9.0729e-06   
0.7662       1.0461e-05   6.689e-06    2.3277e-05   -6.6404e-06  4.7888e-06   4.5978e-06   0.00060861   0.00037664   0.0050462    -5.214e-06   2.3263e-05   6.6845e-06   
0.78903      5.9467e-06   4.7421e-06   1.5822e-05   -8.5915e-06  1.8508e-06   1.7681e-06   0.00040261   0.00023892   0.0033831    -7.9201e-06  1.5815e-05   4.7397e-06   
0.812        3.5133e-06   3.195e-06    1.0196e-05   -8.0667e-06  2.6063e-07   2.7824e-07   0.00025176   0.00014663   0.0021599    -7.7843e-06  1.0192e-05   3.1938e-06   
0.83509      1.6443e-06   2.0268e-06   7.4982e-06   -7.334e-06   -3.8792e-07  -2.7421e-07  0.00014759   8.6502e-05   0.0013057    -7.2278e-06  7.4965e-06   2.0263e-06   
0.85832      8.1112e-07   1.1863e-06   6.4346e-06   -4.3924e-06  -4.9162e-07  -2.4318e-07  7.9263e-05   4.7788e-05   0.00073313   -4.3582e-06  6.4339e-06   1.1861e-06   
0.88166      3.2836e-07   6.216e-07    5.6216e-06   -7.2262e-07  -3.3225e-07  -1.3258e-08  3.7704e-05   2.3783e-05   0.00037176   -7.1379e-07  5.6214e-06   6.2152e-07   
0.90511      8.042e-08    2.7765e-07   4.7045e-06   3.1852e-08   -1.0263e-07  4.6071e-07   1.505e-05    1.0351e-05   0.00016269   3.3464e-08   4.7044e-06   2.7762e-07   
0.92868      4.878e-09    9.687e-08    3.7986e-06   -9.1989e-11  1.2987e-07   2.5913e-06   4.5982e-06   5.6825e-06   5.6793e-05   9.1989e-11   3.7986e-06   9.6865e-08   
0.95235      1.0533e-09   2.1257e-08   1.5163e-06   -3.7784e-12  2.4901e-07   2.9887e-06   8.518e-07    3.5467e-06   1.3033e-05   3.7784e-12   1.5163e-06   2.1256e-08   
0.97613      1.8007e-10   1.4695e-09   1.8783e-07   5.7498e-15   2.0607e-06   1.5433e-06   4.9202e-08   1.5687e-06   3.0393e-06   -5.7498e-15  1.8783e-07   1.4695e-09   
1            -2.0945e-15  -3.5538e-13  9.2249e-12   -3.3979e-18  7.7413e-08   -3.0956e-10  3.5691e-12   -3.2377e-10  7.7114e-08   3.3978e-18   9.2249e-12   -3.5537e-13  

