# /Users/gsalam/scripts/pdf.py -Q 100 -flav=22,-5,-4,-3,-2,-1,21,1,2,3,4,5 -pdf NNPDF31_nnlo_as_0118_luxqed -out pdf-files/NNPDF31_nnlo_as_0118_luxqed-Q100.dat
# pdf = NNPDF31_nnlo_as_0118_luxqed, Q = 100.0, alphas(Q) = 0.11638079928781324, version = 1
# Columns: x x*flav(22) x*flav(-5) x*flav(-4) x*flav(-3) x*flav(-2) x*flav(-1) x*flav(21) x*flav(1) x*flav(2) x*flav(3) x*flav(4) x*flav(5)

0.0001       0.23339      2.3078       2.9785       3.346        3.4439       3.4331       79.481       3.4532       3.4726       3.3424       2.9789       2.3079       
0.00011543   0.22326      2.1831       2.8273       3.1865       3.2846       3.2737       75.133       3.2949       3.3151       3.1829       2.8276       2.1833       
0.00013323   0.21354      2.0641       2.6823       3.0337       3.1317       3.1209       70.981       3.1433       3.1642       3.0301       2.6826       2.0643       
0.00015378   0.20419      1.9504       2.5432       2.8871       2.985        2.9745       67.017       2.9981       3.0195       2.8834       2.5436       1.9505       
0.00017749   0.19521      1.8418       2.4101       2.7466       2.8443       2.8342       63.238       2.8592       2.881        2.7429       2.4104       1.8419       
0.00020486   0.18659      1.7381       2.2823       2.6117       2.7093       2.6998       59.631       2.7261       2.7483       2.608        2.2826       1.7382       
0.00023644   0.1783       1.6391       2.1599       2.4824       2.5799       2.5709       56.192       2.5987       2.6214       2.4786       2.1602       1.6392       
0.00027288   0.17035      1.5447       2.0428       2.3585       2.4558       2.4474       52.915       2.4767       2.5          2.3547       2.0431       1.5448       
0.00031493   0.16271      1.4545       1.9306       2.2396       2.3367       2.3287       49.791       2.3597       2.3837       2.2359       1.9308       1.4546       
0.00036346   0.15537      1.3685       1.8232       2.1257       2.2223       2.2149       46.817       2.2475       2.2724       2.1219       1.8235       1.3686       
0.00041944   0.14833      1.2865       1.7203       2.0163       2.1123       2.1055       43.984       2.14         2.1657       2.0126       1.7206       1.2866       
0.00048402   0.14158      1.2083       1.6219       1.9114       2.0068       2.0006       41.289       2.037        2.0636       1.9077       1.6222       1.2084       
0.00055852   0.13509      1.1338       1.5279       1.811        1.9056       1.9001       38.723       1.9385       1.9662       1.8073       1.5281       1.1338       
0.00064444   0.12887      1.0628       1.4379       1.7147       1.8085       1.8036       36.284       1.8441       1.8731       1.7112       1.4381       1.0629       
0.00074354   0.12291      0.99525      1.3518       1.6225       1.7152       1.711        33.967       1.7538       1.784        1.6191       1.3519       0.99531      
0.00085781   0.11718      0.93092      1.2693       1.5341       1.6256       1.6222       31.764       1.6674       1.699        1.5308       1.2695       0.93098      
0.00098956   0.1117       0.86979      1.1906       1.4494       1.5396       1.5371       29.675       1.585        1.618        1.4463       1.1908       0.86983      
0.0011414    0.10643      0.81165      1.1155       1.3683       1.457        1.4555       27.691       1.5061       1.5406       1.3653       1.1156       0.81168      
0.0013165    0.10138      0.75645      1.0439       1.2907       1.3778       1.3773       25.812       1.4308       1.467        1.2879       1.044        0.75647      
0.0015181    0.096549     0.70407      0.97557      1.2165       1.302        1.3024       24.03        1.359        1.3971       1.2139       0.97559      0.70407      
0.0017504    0.091908     0.65439      0.91037      1.1453       1.2294       1.2308       22.344       1.2907       1.3307       1.143        0.91035      0.65439      
0.0020179    0.08743      0.60738      0.84821      1.0771       1.16         1.1625       20.749       1.226        1.268        1.0752       0.84814      0.60735      
0.0023257    0.083162     0.5629       0.78918      1.0119       1.0936       1.0974       19.243       1.1645       1.2088       1.0104       0.78907      0.56286      
0.0026799    0.0791       0.52092      0.73325      0.94951      1.0304       1.0353       17.824       1.1063       1.1531       0.94852      0.7331       0.52087      
0.0030873    0.07517      0.48127      0.68014      0.88992      0.96994      0.97623      16.485       1.0511       1.1008       0.88939      0.67994      0.4812       
0.0035554    0.071386     0.4439       0.62976      0.83307      0.91233      0.92001      15.226       0.99896      1.0518       0.83298      0.62952      0.44382      
0.0040932    0.067764     0.40874      0.5819       0.77887      0.85746      0.86662      14.043       0.94992      1.0061       0.7792       0.58161      0.40864      
0.0047104    0.064288     0.37568      0.53669      0.72715      0.80509      0.81584      12.932       0.90372      0.96361      0.72792      0.53636      0.37556      
0.0054182    0.060956     0.34466      0.49424      0.67783      0.75513      0.76756      11.893       0.86022      0.92419      0.67908      0.49386      0.34452      
0.0062292    0.057754     0.31554      0.4542       0.6308       0.70736      0.72164      10.919       0.81932      0.88781      0.63255      0.45378      0.31539      
0.0071574    0.05468      0.28829      0.41653      0.58604      0.66176      0.67804      10.009       0.78101      0.85444      0.5883       0.41607      0.28813      
0.0082183    0.051726     0.26279      0.38102      0.54324      0.61827      0.6367       9.1591       0.7454       0.82399      0.54599      0.38052      0.26262      
0.0094295    0.048889     0.239        0.3477       0.5024       0.57688      0.59751      8.3671       0.71237      0.79638      0.50562      0.34717      0.23881      
0.01081      0.046162     0.21681      0.31673      0.46342      0.53749      0.56014      7.6294       0.68164      0.7714       0.46707      0.31616      0.21661      
0.012381     0.043543     0.19616      0.28776      0.4263       0.50008      0.52459      6.9438       0.65329      0.74911      0.43027      0.28717      0.19595      
0.014165     0.041031     0.17699      0.26044      0.391        0.46463      0.49083      6.3076       0.62743      0.72958      0.39514      0.25983      0.17678      
0.016187     0.038616     0.15922      0.23503      0.35743      0.43091      0.45864      5.7177       0.60369      0.71249      0.3617       0.2344       0.159        
0.018473     0.036291     0.14281      0.21158      0.32547      0.39887      0.42798      5.1727       0.582        0.69771      0.32993      0.21094      0.14258      
0.021051     0.034059     0.12765      0.18999      0.29539      0.36816      0.39852      4.6689       0.56195      0.68486      0.29987      0.18935      0.12742      
0.02395      0.031922     0.11372      0.17025      0.26723      0.33872      0.3702       4.2053       0.54348      0.67384      0.27149      0.16961      0.1135       
0.027201     0.029872     0.10092      0.15201      0.24093      0.31069      0.34321      3.7778       0.52629      0.66439      0.24494      0.15138      0.1007       
0.030834     0.027909     0.089224     0.13523      0.21648      0.28406      0.31756      3.3856       0.51036      0.65644      0.22018      0.1346       0.089005     
0.034881     0.026029     0.078546     0.11985      0.19349      0.25907      0.29332      3.025        0.49505      0.64942      0.19728      0.11924      0.078333     
0.03937      0.024233     0.06886      0.10584      0.17194      0.23569      0.27047      2.6952       0.48036      0.64331      0.17619      0.10525      0.068654     
0.044333     0.022519     0.060093     0.093005     0.15212      0.21383      0.24891      2.3933       0.46606      0.63773      0.15705      0.092442     0.059897     
0.049797     0.020887     0.052213     0.08129      0.13398      0.19346      0.22865      2.1184       0.4522       0.63271      0.1398       0.080758     0.052027     
0.055787     0.019338     0.045156     0.070718     0.11762      0.1744       0.20949      1.8685       0.43842      0.62775      0.12446      0.070217     0.044981     
0.062326     0.017869     0.038885     0.061221     0.103        0.15659      0.1914       1.6424       0.42476      0.62287      0.11103      0.060753     0.038722     
0.069433     0.016481     0.033338     0.052843     0.089957     0.14         0.1743       1.4386       0.41109      0.61779      0.099115     0.052409     0.033188     
0.077126     0.015173     0.028512     0.045658     0.078467     0.12461      0.15819      1.257        0.3974       0.61244      0.088608     0.045258     0.028374     
0.085415     0.013939     0.024272     0.03939      0.068243     0.1103       0.14295      1.0941       0.38372      0.60681      0.079241     0.039025     0.024146     
0.09431      0.012777     0.020543     0.03388      0.059102     0.097097     0.12849      0.94812      0.36988      0.60065      0.070759     0.03355      0.020429     
0.10381      0.011694     0.017395     0.029211     0.051193     0.085144     0.11493      0.82154      0.35574      0.59366      0.063225     0.028913     0.017293     
0.11393      0.010676     0.014677     0.025152     0.044207     0.074268     0.10215      0.70994      0.34131      0.58569      0.056322     0.024886     0.014587     
0.12465      0.0097254    0.01236      0.021723     0.038076     0.064466     0.090099     0.61244      0.32641      0.57645      0.049997     0.021487     0.01228      
0.13597      0.0088448    0.010383     0.018808     0.032703     0.055703     0.078746     0.52754      0.31101      0.56577      0.044166     0.018599     0.010313     
0.14788      0.0080282    0.0086988    0.016307     0.028038     0.047908     0.068171     0.45366      0.29523      0.55343      0.03883      0.016124     0.0086375    
0.16037      0.007269     0.0072718    0.014163     0.024049     0.041014     0.058356     0.38932      0.27909      0.53935      0.033897     0.014003     0.0072189    
0.17343      0.006565     0.006056     0.012306     0.020574     0.034963     0.049321     0.33334      0.26275      0.52332      0.029395     0.012167     0.0060104    
0.18703      0.0059192    0.0050322    0.010742     0.017561     0.029631     0.041153     0.2847       0.24635      0.5054       0.025299     0.010621     0.0049932    
0.20116      0.0053211    0.0041702    0.0094259    0.014982     0.02498      0.033797     0.2425       0.22988      0.48575      0.021572     0.0093222    0.004137     
0.21581      0.0047735    0.0034472    0.0083157    0.012787     0.020945     0.027307     0.206        0.21343      0.46455      0.018194     0.0082271    0.0034192    
0.23096      0.0042693    0.0028428    0.0073832    0.010884     0.017393     0.021719     0.17453      0.1971       0.44202      0.015209     0.007307     0.0028192    
0.24657      0.0038085    0.002339     0.0065951    0.009222     0.014302     0.016982     0.14748      0.18097      0.41836      0.012645     0.0065306    0.0023193    
0.26265      0.0033866    0.0019213    0.0059302    0.0077432    0.0116       0.013096     0.12433      0.1651       0.39386      0.010533     0.0058754    0.001905     
0.27916      0.0030019    0.0015749    0.0053565    0.0064109    0.0092883    0.0099745    0.10463      0.1496       0.36868      0.0088722    0.00531      0.0015614    
0.29609      0.0026509    0.001288     0.0048652    0.0052063    0.0073052    0.0075643    0.087886     0.13456      0.34316      0.0076102    0.0048266    0.0012769    
0.31342      0.0023323    0.0010505    0.0044138    0.0041473    0.0056898    0.0057064    0.073676     0.12011      0.31743      0.0066696    0.0043815    0.0010414    
0.33114      0.0020452    0.00085412   0.0039829    0.0031062    0.0043715    0.0045019    0.061646     0.10618      0.29186      0.006114     0.003956     0.00084687   
0.34921      0.0017843    0.00069071   0.0036108    0.0020591    0.0031393    0.0039286    0.0514       0.092797     0.2667       0.0058287    0.0035885    0.00068489   
0.36764      0.0015487    0.00055514   0.0031917    0.0011806    0.0021894    0.0037143    0.04268      0.080336     0.24193      0.0056682    0.0031733    0.00055055   
0.38639      0.0013379    0.00044317   0.0027869    0.00051099   0.001438     0.003605     0.035269     0.068927     0.21779      0.0055507    0.0027717    0.00043952   
0.40546      0.0011486    0.00035071   0.0024274    -1.544e-05   0.00083911   0.003475     0.028984     0.058589     0.19455      0.0054707    0.0024149    0.00034782   
0.42484      0.00097974   0.00027452   0.0021058    -0.0005099   0.00028929   0.0033327    0.023679     0.049278     0.17245      0.0054872    0.0020956    0.00027227   
0.44449      0.00082968   0.00021179   0.0018032    -0.00097107  -0.00017322  0.0031643    0.019183     0.04101      0.15166      0.0055192    0.001795     0.00021006   
0.46443      0.00069695   0.00016096   0.0015233    -0.001286    -0.00056266  0.0029592    0.015383     0.033733     0.13234      0.0053781    0.0015166    0.00015963   
0.48462      0.00058018   0.00011955   0.0012802    -0.0013773   -0.001162    0.0029686    0.012183     0.027124     0.11481      0.0050363    0.0012749    0.00011856   
0.50507      0.00047833   8.6563e-05   0.0010774    -0.0012855   -0.0015864   0.002848     0.0094757    0.021495     0.098697     0.0045268    0.0010731    8.5827e-05   
0.52575      0.00039032   6.0777e-05   0.00088036   -0.0011119   -0.0017622   0.0026328    0.0072528    0.016827     0.083955     0.0039535    0.00087694   6.0234e-05   
0.54665      0.00031495   4.0857e-05   0.00066142   -0.00090772  -0.0017985   0.0024565    0.0054441    0.012992     0.070663     0.003409     0.00065875   4.0467e-05   
0.56778      0.00025094   2.5772e-05   0.00044949   -0.00067449  -0.0017223   0.002284     0.0039792    0.0099667    0.058746     0.0028962    0.00044741   2.5496e-05   
0.58911      0.0001971    1.4671e-05   0.00029162   -0.0004077   -0.0015933   0.0021191    0.0028138    0.0075866    0.048204     0.0023926    0.00029001   1.4481e-05   
0.61064      0.0001523    6.7441e-06   0.00021347   -0.00017093  -0.0016189   0.0021405    0.0018999    0.0055738    0.039146     0.0019172    0.00021225   6.6187e-06   
0.63235      0.00011548   1.3778e-06   0.0001584    3.0698e-05   -0.0016566   0.0022468    0.0011984    0.0040286    0.03137      0.0014452    0.00015746   1.2978e-06   
0.65425      8.5737e-05   -2.0622e-06  7.1544e-05   0.0002719    -0.0016581   0.0023481    0.00067552   0.0029472    0.024731     0.00099494   7.0838e-05   -2.1091e-06  
0.67632      6.2249e-05   -3.974e-06   -7.954e-06   0.00047105   -0.0016455   0.0024372    0.00030216   0.0021179    0.019203     0.00063065   -8.4799e-06  -3.9994e-06  
0.69856      4.4167e-05   -4.8234e-06  -6.9491e-05  0.00061704   -0.0015167   0.0024742    4.3834e-05   0.0013869    0.014671     0.00035416   -6.9875e-05  -4.8341e-06  
0.72095      3.052e-05    -4.9147e-06  -9.0109e-05  0.0007841    -0.0012482   0.0023727    -0.00012239  0.00073649   0.011001     5.8842e-05   -9.0386e-05  -4.9166e-06  
0.7435       2.0456e-05   -4.5035e-06  -7.5316e-05  0.00079509   -0.0010601   0.0020565    -0.0002145   0.00037646   0.0081316    -8.1728e-05  -7.5522e-05  -4.5032e-06  
0.7662       1.3244e-05   -3.8087e-06  -5.4359e-05  0.0006965    -0.00099515  0.0016856    -0.00024602  0.0001466    0.0060511    -0.00014298  -5.4506e-05  -3.8068e-06  
0.78903      8.2179e-06   -3.018e-06   -3.5742e-05  0.00058688   -0.00080721  0.0012558    -0.00024182  4.7304e-05   0.0043663    -0.00017627  -3.5841e-05  -3.0158e-06  
0.812        4.8357e-06   -2.238e-06   -2.4721e-05  0.00049507   -0.00062595  0.00088351   -0.00021465  1.9611e-05   0.003045     -0.00019715  -2.4788e-05  -2.2359e-06  
0.83509      2.6618e-06   -1.5384e-06  -1.6541e-05  0.00040557   -0.00048081  0.00060263   -0.00017301  -1.3751e-07  0.0020602    -0.00020401  -1.6583e-05  -1.5366e-06  
0.85832      1.3434e-06   -9.6633e-07  -1.0015e-05  0.00030399   -0.0003442   0.00038093   -0.00012506  -9.9102e-07  0.0013264    -0.0001837   -1.004e-05   -9.6511e-07  
0.88166      6.0125e-07   -5.4857e-07  -5.0534e-06  0.00020703   -0.00024467  0.00021109   -8.1445e-05  1.0124e-05   0.00081466   -0.00014704  -5.068e-06   -5.4794e-07  
0.90511      2.261e-07    -2.7303e-07  -1.5386e-06  0.00013595   -0.00017364  9.0774e-05   -4.6561e-05  2.4455e-05   0.00047201   -0.00011572  -1.5456e-06  -2.7266e-07  
0.92868      6.4911e-08   -1.1317e-07  -9.6226e-07  8.4694e-05   -0.00010315  2.7898e-05   -2.2313e-05  2.5184e-05   0.00023454   -8.22e-05    -9.6495e-07  -1.1298e-07  
0.95235      1.0595e-08   -3.5611e-08  -3.6961e-07  5.133e-05    -5.2981e-05  -4.8683e-07  -8.3388e-06  1.944e-05    9.5116e-05   -5.4639e-05  -3.7018e-07  -3.5544e-08  
0.97613      -1.9852e-10  -5.665e-09   9.0725e-08   2.4237e-05   -1.7969e-05  -7.5696e-06  -1.6732e-06  1.1236e-05   2.461e-05    -2.6276e-05  9.0997e-08   -5.6891e-09  
1            -1.6698e-25  -1.3816e-25  -4.6773e-25  -2.7062e-21  -3.2945e-22  2.9349e-23   -6.7531e-23  -7.0427e-22  1.2911e-21   -6.6491e-22  -1.0654e-23  -3.7554e-25  

